================Vidmmizer================

lr1_vidmizer : 0.1
100%|██████████| 50/50 [09:31<00:00, 11.42s/it]Accuracy : 0.8888888955116272
Precision 0 : 0.8181818127632141 - Precision 1 : 1.0
Recall 0 : 1.0 - Recall 1 : 0.7777777910232544
F1 score 0 : 0.9000000357627869 - F1 score 1 : 0.875
Pfa 0 : 0.1111111119389534 - Pfa 1 : 0.0
Pmd 0 : 0.0 - Pmd 1 : 0.1111111119389534
(tensor(0.8889, device='cuda:0'), tensor(0.9091, device='cuda:0'), tensor(0.8889, device='cuda:0'), tensor(0.8889, device='cuda:0'), tensor(0.0556, device='cuda:0'), tensor(0.0556, device='cuda:0'))
Finished Training
Loss :  [0.008883024876316389, 0.006749017784992854, 0.007726254407316446, 0.010061763226985931, 0.006404074685027202, 0.005302819733818372, 0.003971016655365626, 0.0036497520438085, 0.002311188339566191, 0.0034784722762803235, 0.003126267110928893, 0.0028029592552532754, 0.0027276407151172557, 0.002666858102505406, 0.0022444004425778985, 0.002462368691340089, 0.001999667341200014, 0.0020261305229117474, 0.0018678948593636353, 0.0020083913890024028, 0.0019964952565108738, 0.0017696831685801346, 0.0018514110706746578, 0.0019363581668585539, 0.00178779448227336, 0.001776818612900873, 0.0017640846781432629, 0.0019042005684847634, 0.001875824760645628, 0.001687447268826266, 0.0021706868040685854, 0.0017570962275688846, 0.0017393509624525905, 0.0017184359021484852, 0.0018712776557852824, 0.0016931788219759862, 0.0017561005661264062, 0.0018307978753000498, 0.0017500739777460694, 0.0017415659967809916, 0.0020839526938895383, 0.0017774337902665138, 0.0017421658073241513, 0.0020247662905603647, 0.0016421932571878035, 0.001961134471154461, 0.0017426545188451807, 0.0016855136103307207, 0.0016650555577750008, 0.001653528733489414]
Accuracy :  [0.6363636363636364, 0.7840909090909091, 0.7897727272727273, 0.7727272727272727, 0.7784090909090909, 0.8522727272727273, 0.8806818181818182, 0.8693181818181818, 0.9318181818181818, 0.8863636363636364, 0.8863636363636364, 0.8977272727272727, 0.9034090909090909, 0.9204545454545454, 0.9261363636363636, 0.9431818181818182, 0.9375, 0.9375, 0.9488636363636364, 0.9375, 0.9431818181818182, 0.9431818181818182, 0.9545454545454546, 0.9431818181818182, 0.9431818181818182, 0.9431818181818182, 0.9431818181818182, 0.9545454545454546, 0.9545454545454546, 0.9545454545454546, 0.9431818181818182, 0.9602272727272727, 0.9431818181818182, 0.9545454545454546, 0.9431818181818182, 0.9602272727272727, 0.9488636363636364, 0.9545454545454546, 0.9659090909090909, 0.9488636363636364, 0.9545454545454546, 0.9602272727272727, 0.9545454545454546, 0.9318181818181818, 0.9659090909090909, 0.9545454545454546, 0.9488636363636364, 0.9602272727272727, 0.9545454545454546, 0.9715909090909091]
Accuracy :  [0.4166666666666667, 0.4722222222222222, 0.5277777777777778, 0.5555555555555556, 0.7222222222222222, 0.6944444444444444, 0.8333333333333334, 0.8055555555555556, 0.8055555555555556, 0.8888888888888888, 0.9722222222222222, 0.9166666666666666, 0.8611111111111112, 0.8611111111111112, 0.7777777777777778, 0.7777777777777778, 0.8333333333333334, 0.8611111111111112, 0.8611111111111112, 0.9166666666666666, 0.9166666666666666, 0.9166666666666666, 0.9166666666666666, 0.9166666666666666, 0.9166666666666666, 0.9166666666666666, 0.9166666666666666, 0.9166666666666666, 0.9166666666666666, 0.9166666666666666, 0.9166666666666666, 0.9166666666666666, 0.9166666666666666, 0.9166666666666666, 0.9166666666666666, 0.8888888888888888, 0.8888888888888888, 0.8888888888888888, 0.8888888888888888, 0.8888888888888888, 0.8888888888888888, 0.8888888888888888, 0.8888888888888888, 0.8888888888888888, 0.8888888888888888, 0.8888888888888888, 0.8888888888888888, 0.8888888888888888, 0.8888888888888888, 0.8888888888888888]
Matrice de confusion :  tensor([[18.,  4.],
        [ 0., 14.]], device='cuda:0')

lr2_vidmizer : 0.01
100%|██████████| 50/50 [09:08<00:00, 10.97s/it]Accuracy : 0.7222222089767456
Precision 0 : 0.6818181872367859 - Precision 1 : 0.7857142686843872
Recall 0 : 0.8333333134651184 - Recall 1 : 0.6111111044883728
F1 score 0 : 0.75 - F1 score 1 : 0.6875
Pfa 0 : 0.1944444477558136 - Pfa 1 : 0.0833333358168602
Pmd 0 : 0.0833333358168602 - Pmd 1 : 0.1944444477558136
(tensor(0.7222, device='cuda:0'), tensor(0.7338, device='cuda:0'), tensor(0.7222, device='cuda:0'), tensor(0.7222, device='cuda:0'), tensor(0.1389, device='cuda:0'), tensor(0.1389, device='cuda:0'))
Finished Training
Loss :  [0.010090014276405176, 0.008084270947923263, 0.007669956889003515, 0.0077811917290091515, 0.007452974561601877, 0.007379458441088597, 0.007128774809340636, 0.00716748492171367, 0.007004872274895509, 0.007015979383140802, 0.0068788073646525545, 0.006702977387855451, 0.006811873366435369, 0.006820146460086107, 0.00661004629607002, 0.006577937087665002, 0.006723077967762947, 0.006830393647154172, 0.006500131605813901, 0.006785512125740449, 0.0066197579726576805, 0.00682369867960612, 0.0069159939885139465, 0.006759269628673792, 0.006536664596448342, 0.006652835135658582, 0.00664360790203015, 0.006598505812386672, 0.00712612783536315, 0.006588680669665337, 0.006652527333547671, 0.006524638428042333, 0.006843059944609801, 0.006775503978133202, 0.006691934696088235, 0.006548971713831027, 0.0067210680184264975, 0.006671633726606767, 0.006795635912567377, 0.006681198099007209, 0.00669902532051007, 0.006644360100229581, 0.006477887121339639, 0.007093420096983512, 0.006852859320739905, 0.006593669299036264, 0.006872088027497132, 0.006700373875598113, 0.006584511448939641, 0.006799311377108097]
Accuracy :  [0.5625, 0.7613636363636364, 0.7670454545454546, 0.7386363636363636, 0.7670454545454546, 0.7954545454545454, 0.7897727272727273, 0.7727272727272727, 0.7784090909090909, 0.7784090909090909, 0.7840909090909091, 0.8125, 0.8125, 0.7954545454545454, 0.8238636363636364, 0.8181818181818182, 0.8011363636363636, 0.7784090909090909, 0.8125, 0.8125, 0.8238636363636364, 0.7840909090909091, 0.7670454545454546, 0.8068181818181818, 0.8068181818181818, 0.7897727272727273, 0.7897727272727273, 0.8068181818181818, 0.7386363636363636, 0.7954545454545454, 0.8125, 0.8238636363636364, 0.7613636363636364, 0.8011363636363636, 0.8068181818181818, 0.8125, 0.8181818181818182, 0.8011363636363636, 0.7840909090909091, 0.8125, 0.8181818181818182, 0.8181818181818182, 0.8011363636363636, 0.7727272727272727, 0.7954545454545454, 0.8011363636363636, 0.7840909090909091, 0.7840909090909091, 0.8238636363636364, 0.8068181818181818]
Accuracy :  [0.4166666666666667, 0.4722222222222222, 0.5555555555555556, 0.5555555555555556, 0.5833333333333334, 0.5833333333333334, 0.5833333333333334, 0.5833333333333334, 0.5833333333333334, 0.5833333333333334, 0.5833333333333334, 0.6111111111111112, 0.6111111111111112, 0.6388888888888888, 0.6388888888888888, 0.6666666666666666, 0.6944444444444444, 0.6944444444444444, 0.6944444444444444, 0.6944444444444444, 0.6944444444444444, 0.6944444444444444, 0.6944444444444444, 0.6944444444444444, 0.6944444444444444, 0.7222222222222222, 0.6944444444444444, 0.7222222222222222, 0.6944444444444444, 0.6944444444444444, 0.6944444444444444, 0.7222222222222222, 0.7222222222222222, 0.7222222222222222, 0.7222222222222222, 0.6944444444444444, 0.6944444444444444, 0.6944444444444444, 0.6944444444444444, 0.7222222222222222, 0.7222222222222222, 0.7222222222222222, 0.7222222222222222, 0.7222222222222222, 0.7222222222222222, 0.7222222222222222, 0.6944444444444444, 0.6944444444444444, 0.7222222222222222, 0.7222222222222222]
Matrice de confusion :  tensor([[15.,  7.],
        [ 3., 11.]], device='cuda:0')

lr3_vidmizer : 0.001
100%|██████████| 50/50 [09:25<00:00, 11.31s/it]Accuracy : 0.5833333134651184
Precision 0 : 0.5882353186607361 - Precision 1 : 0.5789473652839661
Recall 0 : 0.5555555820465088 - Recall 1 : 0.6111111044883728
F1 score 0 : 0.5714285969734192 - F1 score 1 : 0.5945945978164673
Pfa 0 : 0.1944444477558136 - Pfa 1 : 0.2222222238779068
Pmd 0 : 0.2222222238779068 - Pmd 1 : 0.1944444477558136
(tensor(0.5833, device='cuda:0'), tensor(0.5836, device='cuda:0'), tensor(0.5833, device='cuda:0'), tensor(0.5833, device='cuda:0'), tensor(0.2083, device='cuda:0'), tensor(0.2083, device='cuda:0'))
Finished Training
Loss :  [0.011289554027219614, 0.010256973405679068, 0.009749650955200195, 0.009419097875555357, 0.009240635360280672, 0.00908500732233127, 0.00899397861212492, 0.008780256224175295, 0.008678492158651352, 0.008513224932054678, 0.008506905597945055, 0.008443024630347887, 0.00861292239278555, 0.008464832790195942, 0.008490655260781447, 0.008452974880735079, 0.00855619739741087, 0.008395596407353878, 0.008422836661338806, 0.008461247819165388, 0.008430356159806252, 0.00822544563561678, 0.008452938869595528, 0.008451156628628572, 0.008520558786888918, 0.008508268433312574, 0.008469445630908012, 0.0084481838469704, 0.008458549777666727, 0.008481943669418493, 0.008364597025016943, 0.00853650365024805, 0.008518467967708906, 0.008628986775875092, 0.008451428885261217, 0.008362707371513048, 0.008397798985242844, 0.008417085744440556, 0.00849408625314633, 0.008383936869601408, 0.008426830172538757, 0.008364167374869188, 0.0085065260839959, 0.008437517409523329, 0.008431708750625452, 0.00850722286850214, 0.008701885119080544, 0.00845440880705913, 0.00841021134207646, 0.008470316727956137]
Accuracy :  [0.3352272727272727, 0.5568181818181818, 0.6477272727272727, 0.7102272727272727, 0.6988636363636364, 0.7443181818181818, 0.6988636363636364, 0.7386363636363636, 0.7159090909090909, 0.7386363636363636, 0.7386363636363636, 0.7443181818181818, 0.75, 0.7386363636363636, 0.7386363636363636, 0.7386363636363636, 0.75, 0.7670454545454546, 0.7386363636363636, 0.7613636363636364, 0.7443181818181818, 0.7727272727272727, 0.7386363636363636, 0.7443181818181818, 0.7272727272727273, 0.7443181818181818, 0.7613636363636364, 0.7386363636363636, 0.7443181818181818, 0.75, 0.75, 0.7386363636363636, 0.7386363636363636, 0.7443181818181818, 0.7443181818181818, 0.7840909090909091, 0.7386363636363636, 0.7443181818181818, 0.7386363636363636, 0.75, 0.7386363636363636, 0.75, 0.7556818181818182, 0.75, 0.7556818181818182, 0.7386363636363636, 0.7045454545454546, 0.7443181818181818, 0.7443181818181818, 0.75]
Accuracy :  [0.5277777777777778, 0.4722222222222222, 0.4722222222222222, 0.4722222222222222, 0.5, 0.5555555555555556, 0.5555555555555556, 0.5555555555555556, 0.5833333333333334, 0.5833333333333334, 0.5833333333333334, 0.5833333333333334, 0.5833333333333334, 0.5833333333333334, 0.5833333333333334, 0.5833333333333334, 0.5833333333333334, 0.5833333333333334, 0.5833333333333334, 0.5833333333333334, 0.5833333333333334, 0.5833333333333334, 0.5833333333333334, 0.5833333333333334, 0.5833333333333334, 0.5833333333333334, 0.5833333333333334, 0.5833333333333334, 0.5833333333333334, 0.5833333333333334, 0.5833333333333334, 0.5833333333333334, 0.5833333333333334, 0.5833333333333334, 0.5833333333333334, 0.5833333333333334, 0.5833333333333334, 0.5833333333333334, 0.5833333333333334, 0.5833333333333334, 0.5833333333333334, 0.5833333333333334, 0.5833333333333334, 0.5833333333333334, 0.5833333333333334, 0.5833333333333334, 0.5833333333333334, 0.5833333333333334, 0.5833333333333334, 0.5833333333333334]
Matrice de confusion :  tensor([[10.,  7.],
        [ 8., 11.]], device='cuda:0')


lr4_vidmizer : 0.0001
100%|██████████| 50/50 [09:27<00:00, 11.35s/it]Accuracy : 0.5833333134651184
Precision 0 : 0.5789473652839661 - Precision 1 : 0.5882353186607361
Recall 0 : 0.6111111044883728 - Recall 1 : 0.5555555820465088
F1 score 0 : 0.5945945978164673 - F1 score 1 : 0.5714285969734192
Pfa 0 : 0.2222222238779068 - Pfa 1 : 0.1944444477558136
Pmd 0 : 0.1944444477558136 - Pmd 1 : 0.2222222238779068
(tensor(0.5833, device='cuda:0'), tensor(0.5836, device='cuda:0'), tensor(0.5833, device='cuda:0'), tensor(0.5833, device='cuda:0'), tensor(0.2083, device='cuda:0'), tensor(0.2083, device='cuda:0'))
Finished Training
Loss :  [0.011132251160840193, 0.011002697981894016, 0.01088938427468141, 0.010758540903528532, 0.0106513233234485, 0.010543322811524073, 0.010439206846058369, 0.010365516878664494, 0.010270443434516588, 0.010204358647267023, 0.010117976615826288, 0.01013586763292551, 0.010145045506457487, 0.010142395893732706, 0.01014456277092298, 0.01014266349375248, 0.010112366949518522, 0.010127097989122072, 0.010129707865417004, 0.010117639477054277, 0.010107096284627914, 0.01011959028740724, 0.010109537901977697, 0.010068932237724463, 0.010071941651403904, 0.010093538401027521, 0.010086187471946081, 0.010092959739267826, 0.010115773106614748, 0.010121007449924946, 0.010108608131607374, 0.010087964435418447, 0.010091271872321764, 0.010087084956467152, 0.010075670046110949, 0.010092996060848236, 0.010100292973220348, 0.010106303418676058, 0.01009098036835591, 0.01009482890367508, 0.010122780377666155, 0.010065339816113314, 0.010093554854393005, 0.010094991574684778, 0.010089348380764326, 0.010065912269055843, 0.010095371554295221, 0.010082590393722057, 0.010083251011868319, 0.01007001722852389]
Accuracy :  [0.48295454545454547, 0.5, 0.5340909090909091, 0.6079545454545454, 0.6590909090909091, 0.7045454545454546, 0.7329545454545454, 0.7329545454545454, 0.7443181818181818, 0.7386363636363636, 0.7329545454545454, 0.7556818181818182, 0.7272727272727273, 0.75, 0.7556818181818182, 0.7613636363636364, 0.75, 0.75, 0.75, 0.7443181818181818, 0.7613636363636364, 0.7443181818181818, 0.7329545454545454, 0.75, 0.7670454545454546, 0.7670454545454546, 0.7443181818181818, 0.7613636363636364, 0.7329545454545454, 0.7613636363636364, 0.7613636363636364, 0.7215909090909091, 0.75, 0.7386363636363636, 0.7443181818181818, 0.7556818181818182, 0.7329545454545454, 0.7215909090909091, 0.7329545454545454, 0.7386363636363636, 0.7102272727272727, 0.7556818181818182, 0.7443181818181818, 0.75, 0.75, 0.75, 0.75, 0.7613636363636364, 0.7443181818181818, 0.75]
Accuracy :  [0.5277777777777778, 0.4166666666666667, 0.4444444444444444, 0.4722222222222222, 0.5277777777777778, 0.4722222222222222, 0.4166666666666667, 0.4722222222222222, 0.5555555555555556, 0.5833333333333334, 0.5833333333333334, 0.5833333333333334, 0.5833333333333334, 0.5833333333333334, 0.5833333333333334, 0.5833333333333334, 0.5833333333333334, 0.5833333333333334, 0.6111111111111112, 0.5833333333333334, 0.6111111111111112, 0.6111111111111112, 0.6111111111111112, 0.6111111111111112, 0.6111111111111112, 0.6111111111111112, 0.6111111111111112, 0.6111111111111112, 0.6111111111111112, 0.6111111111111112, 0.6111111111111112, 0.6111111111111112, 0.6111111111111112, 0.6111111111111112, 0.6111111111111112, 0.6111111111111112, 0.5833333333333334, 0.5833333333333334, 0.6111111111111112, 0.5833333333333334, 0.5833333333333334, 0.6111111111111112, 0.5833333333333334, 0.6111111111111112, 0.5833333333333334, 0.5833333333333334, 0.5833333333333334, 0.5833333333333334, 0.5833333333333334, 0.5833333333333334]
Matrice de confusion :  tensor([[11.,  8.],
        [ 7., 10.]], device='cuda:0')

================Tiktok================

lr1_tiktok : 0.1
100%|██████████| 50/50 [05:38<00:00,  6.76s/it]Accuracy : 0.9375
Precision 0 : 0.8888888955116272 - Precision 1 : 1.0
Recall 0 : 1.0 - Recall 1 : 0.875
F1 score 0 : 0.9411765336990356 - F1 score 1 : 0.9333333373069763
Pfa 0 : 0.0625 - Pfa 1 : 0.0
Pmd 0 : 0.0 - Pmd 1 : 0.0625
(tensor(0.9375, device='cuda:0'), tensor(0.9444, device='cuda:0'), tensor(0.9375, device='cuda:0'), tensor(0.9375, device='cuda:0'), tensor(0.0312, device='cuda:0'), tensor(0.0312, device='cuda:0'))
Finished Training
Loss :  [0.011574660427868366, 0.008386971428990364, 0.006515324814245105, 0.005033246940001845, 0.0038690476212650537, 0.003240307909436524, 0.006672506686300039, 0.0035362867638468742, 0.0020082545815967023, 0.001989064214285463, 0.001166858768556267, 0.001490029157139361, 0.0008925041765905917, 0.0009494972182437778, 0.0008407570712734014, 0.0008208721992559731, 0.0007529033173341304, 0.000763023883337155, 0.00075910086161457, 0.0011394020402804017, 0.0007625540602020919, 0.0006931835960131139, 0.0008489846077281982, 0.0006246073753573, 0.0008282204216811806, 0.0008631368400529027, 0.000905637934920378, 0.0006871490040794015, 0.0006682161765638739, 0.0007323880854528397, 0.0006845649477327242, 0.0007517072954215109, 0.0006307065341388807, 0.0007628981838934124, 0.0008405167318414897, 0.0007662844436708838, 0.001004821970127523, 0.0006843671289971098, 0.000723452161764726, 0.00093497519264929, 0.0007511567091569304, 0.0010932825389318168, 0.0006813468353357166, 0.000719024013960734, 0.0013693751534447074, 0.0006423221784643829, 0.0006555283616762608, 0.0007253228104673326, 0.0009633951412979513, 0.0008007607248146087]
Accuracy :  [0.6697247706422018, 0.7981651376146789, 0.8073394495412844, 0.8440366972477065, 0.8990825688073395, 0.8807339449541285, 0.8440366972477065, 0.8623853211009175, 0.944954128440367, 0.9541284403669725, 0.9724770642201835, 0.963302752293578, 0.9724770642201835, 0.981651376146789, 0.981651376146789, 0.9908256880733946, 0.9908256880733946, 0.9908256880733946, 0.9908256880733946, 0.963302752293578, 0.9908256880733946, 0.981651376146789, 0.981651376146789, 1.0, 0.981651376146789, 0.981651376146789, 0.981651376146789, 0.9908256880733946, 0.9908256880733946, 0.9908256880733946, 0.9908256880733946, 0.9908256880733946, 0.981651376146789, 0.981651376146789, 0.981651376146789, 0.9908256880733946, 0.9724770642201835, 0.9908256880733946, 0.981651376146789, 0.981651376146789, 0.9908256880733946, 0.963302752293578, 0.9908256880733946, 0.9908256880733946, 0.963302752293578, 0.9908256880733946, 0.9908256880733946, 0.981651376146789, 0.963302752293578, 0.9724770642201835]
Accuracy :  [0.5, 0.5, 0.5625, 0.5625, 0.75, 0.6875, 0.6875, 0.75, 0.6875, 0.8125, 0.8125, 0.8125, 0.8125, 0.8125, 0.875, 0.875, 0.875, 0.875, 0.875, 0.875, 0.875, 0.875, 0.9375, 0.9375, 0.9375, 0.9375, 0.9375, 0.9375, 0.9375, 0.9375, 1.0, 1.0, 1.0, 1.0, 1.0, 1.0, 1.0, 1.0, 1.0, 1.0, 0.9375, 0.9375, 0.9375, 0.9375, 0.9375, 0.9375, 0.9375, 0.9375, 0.9375, 0.9375]
Matrice de confusion :  tensor([[8., 1.],
        [0., 7.]], device='cuda:0')


lr2_tiktok : 0.01
100%|██████████| 50/50 [05:20<00:00,  6.40s/it]Accuracy : 0.6875
Precision 0 : 0.7142857313156128 - Precision 1 : 0.6666666865348816
Recall 0 : 0.625 - Recall 1 : 0.75
F1 score 0 : 0.6666666865348816 - F1 score 1 : 0.7058823108673096
Pfa 0 : 0.125 - Pfa 1 : 0.1875
Pmd 0 : 0.1875 - Pmd 1 : 0.125
(tensor(0.6875, device='cuda:0'), tensor(0.6905, device='cuda:0'), tensor(0.6875, device='cuda:0'), tensor(0.6875, device='cuda:0'), tensor(0.1562, device='cuda:0'), tensor(0.1562, device='cuda:0'))
Finished Training
Loss :  [0.009559737518429756, 0.008148538880050182, 0.007867527892813087, 0.00783978053368628, 0.007749997545033693, 0.007271960843354464, 0.006986956112086773, 0.006843753391876817, 0.006764704594388604, 0.006722387857735157, 0.006456071278080344, 0.006554208695888519, 0.006578427506610751, 0.006693628150969744, 0.006646055961027741, 0.0063807968981564045, 0.006447319872677326, 0.006223086733371019, 0.006472816225141287, 0.006247282028198242, 0.006579763256013393, 0.006314202211797237, 0.00644089188426733, 0.006460115080699325, 0.006875713588669896, 0.0062562592793256044, 0.006390034919604659, 0.006323943613097072, 0.006325539434328675, 0.006429512286558747, 0.006296123145148158, 0.0062722626607865095, 0.006592951016500592, 0.006498251110315323, 0.006462738616392016, 0.006328399991616607, 0.006309840362519026, 0.00649157608859241, 0.006167112849652767, 0.006767187966033816, 0.006584578193724155, 0.006371881812810898, 0.006613790290430188, 0.006444238591939211, 0.0061267835553735495, 0.006373171461746097, 0.006041951943188906, 0.0062992984894663095, 0.006386244669556618, 0.006503071868792176]
Accuracy :  [0.7064220183486238, 0.7522935779816514, 0.7798165137614679, 0.7706422018348624, 0.7889908256880734, 0.7981651376146789, 0.8165137614678899, 0.7981651376146789, 0.8073394495412844, 0.8256880733944955, 0.8073394495412844, 0.8073394495412844, 0.8073394495412844, 0.8073394495412844, 0.8165137614678899, 0.7889908256880734, 0.8256880733944955, 0.8073394495412844, 0.8165137614678899, 0.8348623853211009, 0.8165137614678899, 0.8165137614678899, 0.8165137614678899, 0.8256880733944955, 0.8073394495412844, 0.8256880733944955, 0.8073394495412844, 0.8073394495412844, 0.8165137614678899, 0.8165137614678899, 0.8256880733944955, 0.8073394495412844, 0.8348623853211009, 0.8256880733944955, 0.8256880733944955, 0.8256880733944955, 0.8348623853211009, 0.8256880733944955, 0.8165137614678899, 0.8073394495412844, 0.8348623853211009, 0.8073394495412844, 0.8165137614678899, 0.8165137614678899, 0.8256880733944955, 0.8256880733944955, 0.8256880733944955, 0.8165137614678899, 0.8256880733944955, 0.8256880733944955]
Accuracy :  [0.5, 0.5, 0.5, 0.625, 0.625, 0.625, 0.625, 0.6875, 0.75, 0.75, 0.75, 0.75, 0.75, 0.75, 0.75, 0.6875, 0.6875, 0.6875, 0.6875, 0.6875, 0.6875, 0.6875, 0.6875, 0.6875, 0.6875, 0.6875, 0.6875, 0.6875, 0.6875, 0.6875, 0.6875, 0.6875, 0.6875, 0.6875, 0.6875, 0.6875, 0.6875, 0.6875, 0.6875, 0.6875, 0.6875, 0.6875, 0.6875, 0.6875, 0.6875, 0.6875, 0.6875, 0.6875, 0.6875, 0.6875]
Matrice de confusion :  tensor([[5., 2.],
        [3., 6.]], device='cuda:0')

lr3_tiktok : 0.001
100%|██████████| 50/50 [05:22<00:00,  6.45s/it]Accuracy : 0.625
Precision 0 : 0.6000000238418579 - Precision 1 : 0.6666666865348816
Recall 0 : 0.75 - Recall 1 : 0.5
F1 score 0 : 0.6666666865348816 - F1 score 1 : 0.5714285373687744
Pfa 0 : 0.25 - Pfa 1 : 0.125
Pmd 0 : 0.125 - Pmd 1 : 0.25
(tensor(0.6250, device='cuda:0'), tensor(0.6333, device='cuda:0'), tensor(0.6250, device='cuda:0'), tensor(0.6250, device='cuda:0'), tensor(0.1875, device='cuda:0'), tensor(0.1875, device='cuda:0'))
Finished Training
Loss :  [0.010053816717118025, 0.009674674831330776, 0.009338371455669403, 0.009204370435327291, 0.00903472863137722, 0.008933974895626307, 0.008870819117873907, 0.008709813002496958, 0.008765633683651686, 0.00852402439340949, 0.008503444958478212, 0.00854900386184454, 0.00855749100446701, 0.008418841287493706, 0.008578706067055464, 0.008413907140493393, 0.008418289013206959, 0.008311569690704346, 0.0083014783449471, 0.008471446111798286, 0.008291591890156269, 0.00837989617139101, 0.00837741419672966, 0.008425940293818712, 0.00831228494644165, 0.008484942372888327, 0.008441552519798279, 0.008484164718538523, 0.008471995126456022, 0.008333452977240086, 0.008542764466255903, 0.008472961839288473, 0.008398751262575388, 0.008405726868659258, 0.008334674406796694, 0.008413403294980526, 0.008468763437122107, 0.008483455516397953, 0.008425020147114992, 0.008403295651078224, 0.008334897691383958, 0.008297085762023926, 0.008273285813629627, 0.008369973860681057, 0.008293213322758675, 0.008360595908015966, 0.008374399971216917, 0.008273960091173649, 0.008329290430992842, 0.008373812306672335]
Accuracy :  [0.5137614678899083, 0.5779816513761468, 0.6697247706422018, 0.6788990825688074, 0.7339449541284404, 0.7247706422018348, 0.7431192660550459, 0.7522935779816514, 0.7614678899082569, 0.7706422018348624, 0.7798165137614679, 0.7798165137614679, 0.7522935779816514, 0.7798165137614679, 0.7522935779816514, 0.7706422018348624, 0.7522935779816514, 0.7706422018348624, 0.7889908256880734, 0.7614678899082569, 0.7981651376146789, 0.7522935779816514, 0.7889908256880734, 0.7889908256880734, 0.7798165137614679, 0.7889908256880734, 0.7798165137614679, 0.7889908256880734, 0.7798165137614679, 0.7706422018348624, 0.7522935779816514, 0.7889908256880734, 0.7798165137614679, 0.7889908256880734, 0.7798165137614679, 0.7981651376146789, 0.7798165137614679, 0.7247706422018348, 0.7706422018348624, 0.7889908256880734, 0.7522935779816514, 0.7981651376146789, 0.7981651376146789, 0.7981651376146789, 0.7614678899082569, 0.7614678899082569, 0.7798165137614679, 0.7706422018348624, 0.7706422018348624, 0.7798165137614679]
Accuracy :  [0.375, 0.5, 0.5, 0.5, 0.5, 0.5, 0.5625, 0.625, 0.625, 0.625, 0.625, 0.625, 0.625, 0.625, 0.625, 0.625, 0.625, 0.625, 0.625, 0.625, 0.625, 0.625, 0.625, 0.625, 0.625, 0.625, 0.625, 0.625, 0.625, 0.625, 0.625, 0.625, 0.625, 0.625, 0.625, 0.625, 0.625, 0.625, 0.625, 0.625, 0.625, 0.625, 0.625, 0.625, 0.625, 0.625, 0.625, 0.625, 0.625, 0.625]
Matrice de confusion :  tensor([[6., 4.],
        [2., 4.]], device='cuda:0')


lr4_tiktok : 0.0001
100%|██████████| 50/50 [05:23<00:00,  6.48s/it]Accuracy : 0.5625
Precision 0 : 0.5384615659713745 - Precision 1 : 0.6666666865348816
Recall 0 : 0.875 - Recall 1 : 0.25
F1 score 0 : 0.6666666865348816 - F1 score 1 : 0.3636363744735718
Pfa 0 : 0.375 - Pfa 1 : 0.0625
Pmd 0 : 0.0625 - Pmd 1 : 0.375
(tensor(0.5625, device='cuda:0'), tensor(0.6026, device='cuda:0'), tensor(0.5625, device='cuda:0'), tensor(0.5625, device='cuda:0'), tensor(0.2188, device='cuda:0'), tensor(0.2188, device='cuda:0'))
Finished Training
Loss :  [0.00986476894468069, 0.009871806018054485, 0.009793518576771021, 0.009829875081777573, 0.009792763274163008, 0.0096967495046556, 0.009867214597761631, 0.009634422603994608, 0.009597762022167444, 0.009571895934641361, 0.009550328832119703, 0.009605354629456997, 0.009547786321491003, 0.009534916840493679, 0.009565094951540232, 0.009514347650110722, 0.00957145867869258, 0.009575183037668467, 0.00951835885643959, 0.009580470155924559, 0.009513722267001867, 0.009573462419211864, 0.009564212057739496, 0.009504277259111404, 0.009429939556866884, 0.009569121059030294, 0.009479628875851631, 0.009563991334289312, 0.009523841552436352, 0.009429114405065775, 0.009500965476036072, 0.009523507207632065, 0.009497787803411484, 0.00948468828573823, 0.009504576679319143, 0.00948410714045167, 0.009543847758322954, 0.009584510698914528, 0.009484450798481703, 0.009543702937662601, 0.009499447420239449, 0.009531562682241201, 0.00949000846594572, 0.009437531232833862, 0.009486775379627943, 0.009508480317890644, 0.009519809391349554, 0.009523510001599789, 0.009490343276411295, 0.009491524659097195]
Accuracy :  [0.6513761467889908, 0.6422018348623854, 0.6330275229357798, 0.6422018348623854, 0.6605504587155964, 0.6513761467889908, 0.6788990825688074, 0.6788990825688074, 0.6880733944954128, 0.6972477064220184, 0.7064220183486238, 0.6880733944954128, 0.7064220183486238, 0.6880733944954128, 0.6880733944954128, 0.7247706422018348, 0.7064220183486238, 0.6972477064220184, 0.7155963302752294, 0.7247706422018348, 0.7247706422018348, 0.7247706422018348, 0.6880733944954128, 0.7064220183486238, 0.7064220183486238, 0.6972477064220184, 0.7155963302752294, 0.7247706422018348, 0.6788990825688074, 0.6788990825688074, 0.7064220183486238, 0.7064220183486238, 0.6605504587155964, 0.6972477064220184, 0.6880733944954128, 0.6880733944954128, 0.7247706422018348, 0.7155963302752294, 0.6972477064220184, 0.6880733944954128, 0.7064220183486238, 0.6880733944954128, 0.6788990825688074, 0.7247706422018348, 0.7247706422018348, 0.7155963302752294, 0.7155963302752294, 0.7247706422018348, 0.7247706422018348, 0.6972477064220184]
Accuracy :  [0.5, 0.5, 0.5, 0.5, 0.5, 0.5, 0.5, 0.5, 0.5, 0.5, 0.5, 0.4375, 0.5, 0.5, 0.5, 0.5, 0.5625, 0.5625, 0.5625, 0.5625, 0.5625, 0.5625, 0.5625, 0.5625, 0.5625, 0.5625, 0.5625, 0.5625, 0.5625, 0.5625, 0.5625, 0.5625, 0.5625, 0.5625, 0.5625, 0.5625, 0.5625, 0.5625, 0.5625, 0.5625, 0.5625, 0.5625, 0.5625, 0.5625, 0.5625, 0.5625, 0.5625, 0.5625, 0.5625, 0.5625]
Matrice de confusion :  tensor([[7., 6.],
        [1., 2.]], device='cuda:0')

# Youtube

### lr1_youtube : 0.01

100%|██████████| 50/50 [06:51<00:00,  8.23s/it]Accuracy : 0.800000011920929
Precision 0 : 0.7142857313156128 - Precision 1 : 1.0
Recall 0 : 1.0 - Recall 1 : 0.6000000238418579
F1 score 0 : 0.8333333730697632 - F1 score 1 : 0.75
Pfa 0 : 0.20000000298023224 - Pfa 1 : 0.0
Pmd 0 : 0.0 - Pmd 1 : 0.20000000298023224
(tensor(0.8000, device='cuda:0'), tensor(0.8571, device='cuda:0'), tensor(0.8000, device='cuda:0'), tensor(0.8000, device='cuda:0'), tensor(0.1000, device='cuda:0'), tensor(0.1000, device='cuda:0'))
Finished Training
Loss :  [0.06239415115366379, 0.04029214878877004, 0.01346750557422638, 0.014758003875613213, 0.01183693390339613, 0.009142531082034111, 0.00846074583629767, 0.008333312968413034, 0.007641312821457784, 0.0064703299043079214, 0.007681853448351224, 0.0062421040299038095, 0.006277038405338923, 0.005587338469922543, 0.005172043417890866, 0.006258670706301928, 0.004786623176187277, 0.005350467128058274, 0.005057530322422584, 0.004670655510077874, 0.004666765841344993, 0.003963113917658727, 0.004400647322957714, 0.004464107720802228, 0.004838941851630807, 0.004735649485761921, 0.004545449124028285, 0.0038730107868711152, 0.004799017139400045, 0.004267805411169927, 0.004809001538281639, 0.004468516834701101, 0.004369130280489723, 0.003673044110958775, 0.003667535725980997, 0.004650883997480075, 0.003977523495753606, 0.003765598482762774, 0.00430274421038727, 0.0044706409486631555, 0.004593962881093224, 0.004256040944407384, 0.003960554022341967, 0.004637536204730471, 0.004524760336304705, 0.003575573985775312, 0.0037947514404853186, 0.004283772315829992, 0.00617825301984946, 0.004267580807209015]
Accuracy :  [0.4722222222222222, 0.4722222222222222, 0.5694444444444444, 0.4444444444444444, 0.6527777777777778, 0.6875, 0.7569444444444444, 0.6736111111111112, 0.7291666666666666, 0.8194444444444444, 0.75, 0.8541666666666666, 0.8611111111111112, 0.8888888888888888, 0.8958333333333334, 0.8958333333333334, 0.9236111111111112, 0.9027777777777778, 0.9097222222222222, 0.9027777777777778, 0.9027777777777778, 0.9027777777777778, 0.8958333333333334, 0.9097222222222222, 0.9236111111111112, 0.9097222222222222, 0.9027777777777778, 0.9027777777777778, 0.9166666666666666, 0.8958333333333334, 0.8819444444444444, 0.8958333333333334, 0.9097222222222222, 0.9166666666666666, 0.9027777777777778, 0.8958333333333334, 0.9097222222222222, 0.9027777777777778, 0.9097222222222222, 0.9027777777777778, 0.9236111111111112, 0.9097222222222222, 0.9027777777777778, 0.9027777777777778, 0.9236111111111112, 0.9027777777777778, 0.9097222222222222, 0.9097222222222222, 0.8680555555555556, 0.9166666666666666]
Accuracy :  [0.5, 0.5, 0.55, 0.5, 0.6, 0.55, 0.65, 0.5, 0.65, 0.65, 0.65, 0.65, 0.65, 0.65, 0.65, 0.7, 0.7, 0.65, 0.7, 0.75, 0.75, 0.7, 0.7, 0.75, 0.75, 0.75, 0.75, 0.75, 0.75, 0.75, 0.75, 0.75, 0.75, 0.75, 0.75, 0.75, 0.8, 0.75, 0.8, 0.8, 0.8, 0.8, 0.8, 0.8, 0.8, 0.8, 0.8, 0.8, 0.8, 0.8]
Matrice de confusion :  tensor([[10.,  4.],
        [ 0.,  6.]], device='cuda:0')

### lr2_youtube : 0.001
100%|██████████| 50/50 [06:30<00:00,  7.81s/it]Accuracy : 0.6000000238418579
Precision 0 : 0.5714285969734192 - Precision 1 : 0.6666666865348816
Recall 0 : 0.800000011920929 - Recall 1 : 0.4000000059604645
F1 score 0 : 0.6666666865348816 - F1 score 1 : 0.5
Pfa 0 : 0.30000001192092896 - Pfa 1 : 0.10000000149011612
Pmd 0 : 0.10000000149011612 - Pmd 1 : 0.30000001192092896
(tensor(0.6000, device='cuda:0'), tensor(0.6190, device='cuda:0'), tensor(0.6000, device='cuda:0'), tensor(0.6000, device='cuda:0'), tensor(0.2000, device='cuda:0'), tensor(0.2000, device='cuda:0'))
Finished Training
Loss :  [0.010987110125521818, 0.010732694218556086, 0.010291876581807932, 0.009972531658907732, 0.009925184771418571, 0.009674129697183767, 0.009590319047371546, 0.009685599555571875, 0.009230193682014942, 0.009435435446600119, 0.009087204312284788, 0.009252196488281092, 0.00935424460719029, 0.009111525801320871, 0.008873333844045797, 0.009222736582159996, 0.009168311953544617, 0.009282094736893972, 0.00916159339249134, 0.009175868394474188, 0.009165304712951183, 0.009026412231226763, 0.009058982754747072, 0.00903226031611363, 0.009482620283961296, 0.009000395114223162, 0.009405882408221563, 0.009207959597309431, 0.009076463679472605, 0.009246604206661383, 0.009225414445002874, 0.009105452025930086, 0.00928548506150643, 0.009163371908167997, 0.009491478092968464, 0.009446603866914908, 0.00976150669157505, 0.009372356658180555, 0.008845774456858635, 0.009096018659571806, 0.00888827939828237, 0.009062890584270159, 0.008863277733325958, 0.008735925890505314, 0.008961347863078117, 0.009131216444075108, 0.0089545256147782, 0.009273922070860863, 0.009021461941301823, 0.008945236913859844]
Accuracy :  [0.4861111111111111, 0.4930555555555556, 0.4861111111111111, 0.5763888888888888, 0.5902777777777778, 0.6944444444444444, 0.6319444444444444, 0.6319444444444444, 0.6388888888888888, 0.6180555555555556, 0.625, 0.625, 0.6180555555555556, 0.6111111111111112, 0.625, 0.6736111111111112, 0.6527777777777778, 0.6319444444444444, 0.6597222222222222, 0.6458333333333334, 0.6458333333333334, 0.6597222222222222, 0.6527777777777778, 0.6666666666666666, 0.6736111111111112, 0.6805555555555556, 0.6666666666666666, 0.6805555555555556, 0.6805555555555556, 0.6388888888888888, 0.6458333333333334, 0.6597222222222222, 0.6736111111111112, 0.6597222222222222, 0.6805555555555556, 0.6736111111111112, 0.6944444444444444, 0.6736111111111112, 0.6666666666666666, 0.6805555555555556, 0.7013888888888888, 0.6527777777777778, 0.6875, 0.6805555555555556, 0.6875, 0.7083333333333334, 0.6666666666666666, 0.6736111111111112, 0.6805555555555556, 0.6944444444444444]
Accuracy :  [0.5, 0.6, 0.6, 0.6, 0.65, 0.6, 0.6, 0.55, 0.6, 0.6, 0.5, 0.5, 0.5, 0.5, 0.5, 0.55, 0.55, 0.6, 0.55, 0.6, 0.6, 0.6, 0.6, 0.6, 0.55, 0.55, 0.55, 0.55, 0.6, 0.6, 0.6, 0.6, 0.6, 0.6, 0.6, 0.6, 0.55, 0.55, 0.55, 0.6, 0.6, 0.6, 0.6, 0.6, 0.6, 0.6, 0.6, 0.55, 0.6, 0.6]
Matrice de confusion :  tensor([[8., 6.],
        [2., 4.]], device='cuda:0')

### lr3_youtube : 0.001
100%|██████████| 50/50 [06:44<00:00,  8.09s/it]Accuracy : 0.550000011920929
Precision 0 : 0.5454545617103577 - Precision 1 : 0.5555555820465088
Recall 0 : 0.6000000238418579 - Recall 1 : 0.5
F1 score 0 : 0.5714285373687744 - F1 score 1 : 0.5263158082962036
Pfa 0 : 0.25 - Pfa 1 : 0.20000000298023224
Pmd 0 : 0.20000000298023224 - Pmd 1 : 0.25
(tensor(0.5500, device='cuda:0'), tensor(0.5505, device='cuda:0'), tensor(0.5500, device='cuda:0'), tensor(0.5500, device='cuda:0'), tensor(0.2250, device='cuda:0'), tensor(0.2250, device='cuda:0'))
Finished Training
Loss :  [0.010475905301670233, 0.010358277397851149, 0.010580592788755894, 0.010428854574759802, 0.010920216950277487, 0.010505877124766508, 0.010337797614435354, 0.01052414874235789, 0.010240139439702034, 0.010175385201970736, 0.010369574961562952, 0.010308592580258846, 0.010354405889908472, 0.01050553967555364, 0.010640118271112442, 0.010245926988621553, 0.01017867960035801, 0.010192855882147947, 0.010428806145985922, 0.010179617752631506, 0.010653946548700333, 0.010294269770383835, 0.01022171601653099, 0.010302379416922728, 0.01026620746900638, 0.010289824567735195, 0.010503473381201426, 0.010360084474086761, 0.010036182900269827, 0.010124819353222847, 0.01030213013291359, 0.010730257878700892, 0.010913285426795483, 0.011011051324506601, 0.010148649414380392, 0.010340620142718157, 0.010580874669055143, 0.010415549390017986, 0.010369331575930119, 0.010133885157605013, 0.010089306781689325, 0.010454391750196615, 0.010289308304588, 0.010187461661795775, 0.010332672546307245, 0.011037128046154976, 0.010147209279239178, 0.010600848744312922, 0.01068278340001901, 0.010617498308420181]
Accuracy :  [0.5277777777777778, 0.5069444444444444, 0.5069444444444444, 0.5208333333333334, 0.5069444444444444, 0.5277777777777778, 0.5486111111111112, 0.5277777777777778, 0.5347222222222222, 0.5347222222222222, 0.5277777777777778, 0.5138888888888888, 0.5138888888888888, 0.5069444444444444, 0.5138888888888888, 0.5347222222222222, 0.5138888888888888, 0.5069444444444444, 0.5486111111111112, 0.5138888888888888, 0.5277777777777778, 0.5277777777777778, 0.5069444444444444, 0.5208333333333334, 0.5416666666666666, 0.5416666666666666, 0.5277777777777778, 0.5277777777777778, 0.5347222222222222, 0.5208333333333334, 0.5208333333333334, 0.5277777777777778, 0.5069444444444444, 0.5277777777777778, 0.5347222222222222, 0.5208333333333334, 0.5416666666666666, 0.5625, 0.5347222222222222, 0.5347222222222222, 0.5069444444444444, 0.5208333333333334, 0.5277777777777778, 0.5277777777777778, 0.5347222222222222, 0.4791666666666667, 0.5208333333333334, 0.5347222222222222, 0.5347222222222222, 0.5347222222222222]
Accuracy :  [0.65, 0.6, 0.6, 0.6, 0.6, 0.55, 0.55, 0.6, 0.55, 0.6, 0.6, 0.6, 0.6, 0.6, 0.6, 0.5, 0.5, 0.5, 0.55, 0.5, 0.5, 0.55, 0.55, 0.55, 0.55, 0.5, 0.5, 0.55, 0.55, 0.55, 0.55, 0.6, 0.6, 0.6, 0.6, 0.6, 0.6, 0.6, 0.6, 0.55, 0.5, 0.5, 0.55, 0.55, 0.5, 0.5, 0.5, 0.55, 0.55, 0.55]
Matrice de confusion :  tensor([[6., 5.],
        [4., 5.]], device='cuda:0')

### lr4_youtube : 0.0001
100%|██████████| 50/50 [06:41<00:00,  8.02s/it]Accuracy : 0.6000000238418579
Precision 0 : 0.6000000238418579 - Precision 1 : 0.6000000238418579
Recall 0 : 0.6000000238418579 - Recall 1 : 0.6000000238418579
F1 score 0 : 0.6000000238418579 - F1 score 1 : 0.6000000238418579
Pfa 0 : 0.20000000298023224 - Pfa 1 : 0.20000000298023224
Pmd 0 : 0.20000000298023224 - Pmd 1 : 0.20000000298023224
(tensor(0.6000, device='cuda:0'), tensor(0.6000, device='cuda:0'), tensor(0.6000, device='cuda:0'), tensor(0.6000, device='cuda:0'), tensor(0.2000, device='cuda:0'), tensor(0.2000, device='cuda:0'))
Finished Training
Loss :  [0.010402888680497805, 0.010297510772943497, 0.011130056343972683, 0.010930294791857401, 0.010679886365930239, 0.010561641616125902, 0.010355836090942224, 0.010360158048570156, 0.010374394245445728, 0.010844096541404724, 0.010407212500770887, 0.011044390189150969, 0.010356109589338303, 0.011016543954610825, 0.010703633228937784, 0.010317840613424778, 0.010962046372393766, 0.010408985118071238, 0.010366576723754406, 0.010281655937433243, 0.010365881336232027, 0.011036050505936146, 0.01051948219537735, 0.010324731158713499, 0.010324085441728434, 0.01041685293118159, 0.010298020827273527, 0.010770210375388464, 0.010419105490048727, 0.010650658359130224, 0.010367543436586857, 0.010774687863886356, 0.010459229039649168, 0.010383944337566694, 0.010492123973866304, 0.010357704944908619, 0.01034521342565616, 0.01077095822741588, 0.010446972834567228, 0.010530312545597553, 0.010264977812767029, 0.010316973241666952, 0.01058574921141068, 0.010404719039797783, 0.010811549300948778, 0.010489489572743574, 0.010517054237425327, 0.01077937614172697, 0.010399947874248028, 0.010433963189522425]
Accuracy :  [0.4791666666666667, 0.4722222222222222, 0.4861111111111111, 0.5, 0.5138888888888888, 0.5277777777777778, 0.5, 0.5208333333333334, 0.5138888888888888, 0.4930555555555556, 0.5277777777777778, 0.5069444444444444, 0.5277777777777778, 0.5347222222222222, 0.5486111111111112, 0.5138888888888888, 0.5277777777777778, 0.5208333333333334, 0.5208333333333334, 0.5277777777777778, 0.5277777777777778, 0.5208333333333334, 0.4930555555555556, 0.5138888888888888, 0.5069444444444444, 0.5208333333333334, 0.5347222222222222, 0.5069444444444444, 0.5138888888888888, 0.5347222222222222, 0.5277777777777778, 0.5069444444444444, 0.5208333333333334, 0.5277777777777778, 0.5069444444444444, 0.5347222222222222, 0.5, 0.5277777777777778, 0.5208333333333334, 0.5, 0.5069444444444444, 0.5277777777777778, 0.5277777777777778, 0.5069444444444444, 0.5069444444444444, 0.5208333333333334, 0.5208333333333334, 0.5486111111111112, 0.5138888888888888, 0.5138888888888888]
Accuracy :  [0.55, 0.5, 0.5, 0.55, 0.6, 0.6, 0.6, 0.6, 0.55, 0.55, 0.55, 0.55, 0.6, 0.6, 0.6, 0.6, 0.6, 0.6, 0.6, 0.6, 0.6, 0.6, 0.6, 0.6, 0.6, 0.6, 0.6, 0.6, 0.6, 0.6, 0.6, 0.6, 0.6, 0.6, 0.6, 0.6, 0.6, 0.6, 0.6, 0.6, 0.6, 0.6, 0.6, 0.6, 0.6, 0.6, 0.6, 0.6, 0.6, 0.6]
Matrice de confusion :  tensor([[6., 4.],
        [4., 6.]], device='cuda:0')



#######################@

final test 2 
8 frame par clase 

ordre de la cascade
Vidmmizer
Tiktok
Youtube

